bass_enable=false
bass_maxgain=4
compander_enable=false
compander_granularity=2
compander_response=95.0;200.0;400.0;800.0;1600.0;3400.0;7500.0;0;0;0;0;0;0;0
compander_time_freq_transforms=0
compander_timeconstant=0.22000
convolver_enable=true
convolver_file=.config/jamesdsp/irs/CorredHRTF_Surround2.wav
convolver_optimization_mode=2
convolver_waveform_edit=-80;-100;0;0;0;0
crossfeed_bs2b_fcut=700
crossfeed_bs2b_feed=60
crossfeed_enable=true
crossfeed_mode=4
ddc_enable=false
ddc_file=.config/jamesdsp/vdc/FrontRearContrast.vdc
graphiceq_enable=false
graphiceq_param=GraphicEQ: 20 0; 25 0; 31.5 0; 40 0; 50 0; 63 0; 80 0; 100 0; 125 0; 160 0; 200 0; 250 0; 315 0; 400 0; 500 0; 630 0; 800 0; 1000 0; 1250 0; 1600 0; 2000 0; 2500 0; 3150 0; 4000 0; 5000 0; 6300 0; 8000 0; 10000 0; 12500 0; 16000 0; 20000 0
liveprog_enable=true
liveprog_file=.config/jamesdsp/liveprog/fftConvolution2x4x2.eel
master_enable=true
master_limrelease=10
master_limthreshold=0
master_postgain=0
reverb_bassboost=0.10000
reverb_decay=1.80000
reverb_delay=0.00000
reverb_enable=false
reverb_finaldry=-12.00000
reverb_finalwet=-30.00000
reverb_lfo_spin=1.60000
reverb_lfo_wander=0.20000
reverb_lpf_bass=1000
reverb_lpf_damp=16000
reverb_lpf_input=18000
reverb_lpf_output=18000
reverb_osf=2
reverb_reflection_amount=0.00000
reverb_reflection_factor=1.00000
reverb_reflection_width=1.00000
reverb_wet=-8.00000
reverb_width=1.00000
stereowide_enable=false
stereowide_level=50
tone_enable=true
tone_eq=25.0;40.0;63.0;100.0;160.0;250.0;400.0;630.0;1000.0;1600.0;2500.0;4000.0;6300.0;10000.0;16000.0;-1.5;-2;-3;-3;-0.5;1.5;3.5;3.5;3.5;3;2;1.5;0;0;-1.5
tone_filtertype=0
tone_interpolation=1
tube_enable=false
tube_pregain=344
